50
3
0.26 0.48 0.41
0.37 0.07 0.85
10
0.18 0.74 0.96 0.57 0.86 0.56 0.95 0.70 0.39 0.90
0.43 0.78 0.99 0.75 0.79 0.52 0.12 0.49 0.92 0.55
1
0.6
0.4
9
0.144 0.500 0.827 0.010 0.538 0.635 0.837 0.981 0.087
0.327 0.769 0.462 0.019 0.990 0.952 0.202 0.654 0.673
7
0.61 0.43 0.48 0.33 0.63 0.15 0.30
0.93 0.83 0.80 0.98 0.96 0.91 0.67
9
0.09 0.41 0.05 0.32 0.14 0.36 0.23 0.18 0.27
0.73 0.64 0.45 0.68 0.82 0.77 0.86 0.55 0.91
10
0.63 0.72 0.98 0.41 0.83 0.19 0.52 0.40 0.01 0.49
0.43 0.71 0.18 0.29 0.76 0.47 0.12 0.36 0.69 0.17
10
0.61 0.73 0.90 0.63 0.20 0.02 0.66 0.88 0.27 0.07
0.41 0.10 0.71 0.22 0.68 0.85 0.49 0.46 0.93 0.56
10
0.90 0.48 0.88 0.62 0.32 0.53 0.01 0.82 0.27 0.30
0.26 0.23 0.74 0.97 0.29 0.96 0.12 0.60 0.05 0.15
4
0.60 0.06 0.55 0.87
0.49 0.36 0.13 0.47
2
0.21 0.11
0.53 0.37
3
0.3 0.7 0.9
0.2 0.4 0.5
3
0.11 0.61 0.17
0.44 0.89 0.78
5
0.44 0.35 0.12 0.77 0.85
0.27 0.54 0.40 0.79 0.92
6
0.57 0.14 0.29 0.43 0.21 0.79
0.64 0.36 0.71 0.07 0.50 0.86
10
0.66 0.34 0.15 0.41 0.49 0.98 0.93 0.78 0.73 0.29
0.85 0.10 0.63 0.59 0.02 0.71 0.39 0.80 0.12 0.17
10
0.12 0.31 0.44 0.75 0.62 0.88 0.34 0.03 0.09 0.16
0.19 0.50 0.84 0.28 0.97 0.22 0.06 0.94 0.41 0.56
10
0.49 0.86 0.44 0.16 0.77 0.99 0.88 0.40 0.12 0.02
0.42 0.20 0.94 0.83 0.38 0.98 0.74 0.69 0.52 0.81
10
0.14 0.62 0.92 0.60 0.26 0.54 0.95 0.28 0.08 0.02
0.49 0.55 0.35 0.40 0.51 0.88 0.22 0.31 0.46 0.91
9
0.84 0.73 0.58 0.70 0.01 0.46 0.40 0.60 0.78
0.66 0.28 0.85 0.90 0.79 0.09 0.88 0.96 0.61
2
0.09 0.55
0.91 0.45
9
0.196 0.980 0.118 0.667 0.098 0.333 0.353 0.824 0.245
0.373 0.147 0.853 0.892 0.275 0.745 0.314 0.422 0.490
1
0.2
0.8
5
0.36 0.21 0.07 0.29 0.14
0.43 0.57 0.50 0.86 0.79
10
0.359 0.951 0.243 0.680 0.670 0.194 0.408 0.728 0.107 0.835
0.214 0.631 0.893 0.447 0.602 0.748 0.485 0.883 0.757 0.524
9
0.06 0.03 0.22 0.34 0.12 0.81 0.91 0.97 0.75
0.44 0.25 0.28 0.69 0.47 0.56 0.19 0.72 0.94
10
0.07 0.70 0.80 0.50 0.47 0.83 0.40 0.57 0.77 0.67
0.90 0.30 0.13 0.97 0.10 0.73 0.03 0.33 0.23 0.60
10
0.28 0.20 0.38 0.43 0.34 0.17 0.03 0.05 0.39 0.29
0.91 0.45 0.66 0.97 0.88 0.49 0.82 0.63 0.83 0.87
4
0.83 0.67 0.94 0.78
0.44 0.06 0.50 0.28
6
0.10 0.03 0.23 0.33 0.07 0.37
0.57 0.87 0.67 0.50 0.53 0.93
10
0.732 0.045 0.062 0.268 0.625 0.071 0.214 0.527 0.509 0.348
0.866 0.125 0.839 0.152 0.366 0.295 0.786 0.054 0.661 0.536
8
0.44 0.76 0.68 0.20 0.40 0.60 0.12 0.28
0.04 0.08 0.16 0.24 0.32 0.64 0.56 0.36
5
0.54 0.52 0.82 0.44 0.64
0.42 0.10 0.06 0.24 0.16
2
0.89 0.17
0.39 0.11
10
0.59 0.64 0.62 0.70 0.84 0.58 0.80 0.17 0.48 0.33
0.07 0.57 0.86 0.41 0.55 0.71 0.61 0.04 0.22 0.74
7
0.67 0.73 0.13 0.20 0.87 0.60 0.80
0.47 0.07 0.53 0.27 0.40 0.33 0.93
1
0.3
0.7
10
0.94 0.34 0.21 0.98 0.91 0.69 0.45 0.52 0.92 0.67
0.73 0.51 0.65 0.08 0.53 0.41 0.66 0.74 0.95 0.20
3
0.31 0.06 0.12
0.75 0.56 0.38
10
0.75 0.56 0.04 0.79 0.77 0.68 0.95 0.83 0.71 0.06
0.30 0.05 0.48 0.27 0.81 0.26 0.94 0.23 0.19 0.42
3
0.2 0.4 0.6
0.1 0.8 0.5
3
0.24 0.44 0.15
0.26 0.03 0.76
10
0.72 0.78 0.68 0.45 0.51 0.81 0.47 0.58 0.91 0.53
0.01 0.20 0.39 0.23 0.22 0.27 0.36 0.26 0.24 0.42
7
0.33 0.09 0.44 0.20 0.24 0.42 0.47
0.82 0.93 0.49 0.87 0.89 0.91 0.62
2
0.22 0.11
0.39 0.78
10
0.13 0.49 0.71 0.74 0.07 0.45 0.50 0.31 0.70 0.65
0.36 0.81 0.27 0.73 0.80 0.21 0.25 0.58 0.06 0.88
10
0.60 0.87 0.97 0.23 0.47 0.80 0.70 0.17 0.30 0.83
0.73 0.13 0.20 0.57 0.03 0.33 0.93 0.63 0.77 0.40
6
0.84 0.86 0.73 0.37 0.82 0.41
0.16 0.45 0.98 0.25 0.53 0.94
10
0.061 0.591 0.617 0.191 0.652 0.374 0.713 0.678 0.278 0.583
0.939 0.991 0.835 0.965 0.957 0.757 0.774 0.817 0.826 0.904
10
0.103 0.453 0.470 0.598 0.393 0.171 0.419 0.538 0.094 0.573
0.786 0.641 0.957 0.863 0.744 0.607 0.803 0.726 0.778 0.923
